256 105 110
257 101 32
258 115 32
259 116 104
260 111 110
261 32 97
262 116 105
263 100 32
264 101 114
265 97 114
266 256 103
267 111 114
268 114 101
269 108 101
270 101 110
271 97 108
272 116 32
273 97 110
274 44 32
275 266 32
276 259 257
277 121 32
278 262 260
279 97 116
280 101 263
281 99 104
282 111 102
283 105 99
284 115 105
285 116 111
286 114 111
287 265 110
288 101 108
289 269 287
290 282 32
291 109 97
292 271 32
293 285 32
294 115 116
295 261 110
296 109 112
297 115 101
298 46 32
299 99 111
300 97 278
301 97 32
302 256 32
303 101 115
304 105 115
305 105 259
306 261 32
307 105 258
308 114 97
309 101 99
310 111 117
311 267 32
312 112 286
313 101 258
314 97 115
315 46 91
316 105 116
317 109 32
318 257 289
319 264 32
320 281 256
321 268 115
322 295 263
323 111 100
324 100 279
325 291 320
326 10 10
327 117 114
328 262 99
329 115 117
330 117 110
331 260 32
332 112 264
333 97 99
334 270 116
335 97 98
336 101 116
337 105 108
338 325 318
339 97 272
340 101 120
341 99 108
342 102 283
343 261 108
344 117 108
345 273 32
346 299 296
347 323 288
348 118 257
349 259 339
350 109 347
351 270 32
352 101 109
353 103 267
354 110 111
355 117 115
356 100 105
357 104 97
358 117 116
359 99 260
360 108 277
361 116 308
362 102 267
363 118 105
364 259 101
365 353 305
366 115 111
367 109 101
368 281 32
369 115 274
370 119 104
371 119 305
372 261 114
373 100 101
374 273 263
375 93 32
376 261 258
377 300 32
378 99 257
379 108 105
380 108 257
381 84 104
382 278 32
383 315 49
384 100 283
385 324 301
386 343 365
387 102 311
388 110 101
389 112 111
390 112 268
391 361 256
392 93 326
393 110 32
394 116 264
395 118 264
396 108 111
397 265 257
398 284 260
399 289 266
400 338 275
401 98 277
402 102 105
403 101 100
404 102 286
405 115 112
406 103 270
407 115 121
408 324 97
409 336 119
410 309 105
411 113 117
412 268 112
413 115 298
414 258 290
415 270 272
416 386 109
417 404 317
418 105 292
419 107 32
420 98 101
421 114 105
422 97 262
423 97 296
424 98 257
425 99 345
426 100 117
427 116 101
428 256 116
429 304 280
430 329 332
431 341 314
432 371 32
433 103 110
434 103 257
435 289 275
436 44 322
437 109 257
438 112 108
439 341 117
440 41 32
441 111 108
442 258 374
443 284 331
444 262 342
445 407 294
446 93 91
447 117 272
448 338 266
449 346 358
450 390 384
451 77 97
452 99 303
453 109 273
454 412 321
455 46 326
456 118 429
457 279 280
458 310 116
459 388 327
460 391 275
461 65 73
462 103 104
463 261 112
464 340 423
465 367 259
466 99 105
467 105 272
468 111 112
469 264 258
470 265 105
471 279 257
472 316 277
473 409 267
474 58 32
475 108 121
476 110 473
477 302 276
478 444 418
479 97 258
480 104 105
481 114 117
482 264 257
483 265 32
484 290 276
485 350 32
486 430 456
487 454 334
488 312 98
489 355 280
490 73 393
491 102 101
492 103 308
493 112 265
494 119 32
495 298 381
496 309 116
497 332 362
498 431 284
499 111 32
500 118 470
501 256 112
502 299 109
503 426 99
504 445 352
505 100 275
506 105 114
507 112 32
508 256 101
509 259 319
510 269 258
511 283 32
512 297 258
513 314 280
514 111 98
515 262 348
516 357 348
517 364 267
518 402 288
519 97 109
520 98 105
521 99 116
522 100 304
523 105 109
524 107 257
525 107 354
526 116 97
527 295 32
528 328 292
529 416 258
530 525 119
531 97 121
532 102 256
533 105 296
534 118 288
535 261 99
536 297 116
537 307 301
538 465 323
539 39 258
540 100 410
541 114 273
542 269 263
543 284 433
544 297 265
545 330 99
546 366 32
547 406 264
548 476 107
549 65 32
550 98 513
551 100 264
552 268 103
553 272 290
554 274 276
555 282 116
556 312 452
557 327 257
558 396 103
559 10 451
560 99 267
561 101 118
562 108 32
563 115 383
564 256 439
565 262 109
566 270 378
567 278 258
568 310 258
569 316 258
570 422 115
571 491 279
572 99 101
573 99 271
574 101 97
575 102 264
576 256 362
577 271 360
578 280 293
579 283 292
580 354 272
581 370 105
582 98 111
583 105 118
584 109 256
585 109 334
586 256 372
587 312 492
588 335 337
589 335 380
590 346 321
591 350 258
592 357 258
593 425 424
594 427 281
595 459 292
596 34 32
597 100 111
598 100 319
599 103 101
600 104 111
601 108 335
602 115 44
603 115 315
604 117 109
605 261 100
606 310 110
607 328 269
608 329 281
609 372 478
610 381 257
611 446 49
612 458 112
613 559 586
614 613 607
615 100 336
616 102 545
617 105 100
618 108 508
619 112 104
620 116 268
621 257 290
622 271 121
623 294 264
624 310 272
625 364 506
626 372 257
627 463 312
628 464 269
629 581 368
630 601 288
631 608 376
632 614 474
633 49 57
634 50 48
635 97 103
636 101 102
637 109 270
638 111 509
639 112 279
640 114 260
641 116 314
642 117 268
643 266 306
644 303 257
645 498 342
646 109 344
647 115 257
648 119 479
649 121 112
650 259 279
651 268 108
652 268 544
653 269 100
654 275 276
655 280 401
656 294 570
657 298 73
658 300 258
659 303 272
660 394 110
661 405 410
662 420 351
663 438 283
664 488 269
665 594 110
666 618 483
667 625 32
668 97 112
669 98 117
670 98 409
671 100 257
672 105 411
673 108 333
674 109 267
675 109 271
676 115 288
677 121 274
678 270 262
679 288 379
680 293 276
681 295 622
682 318 266
683 328 32
684 518 263
685 552 321
686 641 107
687 665 672
688 670 101
689 97 281
690 105 102
691 116 258
692 261 115
693 265 100
694 282 306
695 297 100
696 297 553
697 366 466
698 422 348
699 679 406
700 45 550
701 82 101
702 97 100
703 105 291
704 115 264
705 226 128
706 256 306
707 258 397
708 259 644
709 265 277
710 273 100
711 278 274
712 318 275
713 343 546
714 356 637
715 428 699
716 486 399
717 501 358
718 501 447
719 595 548
720 99 264
721 99 352
722 105 262
723 110 309
724 116 649
725 119 267
726 258 302
727 260 257
728 271 117
729 299 433
730 303 274
731 310 114
732 337 257
733 376 301
734 646 262
735 681 284
736 688 351
737 714 398
738 44 306
739 99 117
740 102 316
741 103 32
742 109 109
743 109 111
744 112 114
745 256 293
746 259 264
747 270 100
748 273 103
749 284 98
750 284 345
751 285 306
752 291 277
753 294 267
754 294 481
755 299 395
756 304 257
757 321 112
758 359 116
759 359 284
760 366 437
761 370 482
762 379 524
763 386 317
764 396 119
765 405 333
766 417 276
767 439 623
768 443 620
769 451 320
770 468 565
771 497 109
772 530 653
773 538 258
774 600 494
775 615 309
776 664 109
777 704 118
778 73 110
779 97 434
780 99 313
781 101 296
782 101 507
783 103 111
784 109 337
785 111 263
786 111 395
787 115 41
788 115 272
789 115 455
790 116 117
791 116 319
792 118 496
793 119 397
794 120 32
795 259 32
796 271 365
797 280 302
798 307 276
799 308 99
800 321 344
801 331 276
802 355 257
803 449 319
804 488 588
805 500 335
806 504 258
807 555 351
808 576 721
809 661 342
810 673 419
811 674 257
812 687 313
813 740 116
814 10 83
815 97 297
816 98 447
817 99 268
818 102 333
819 102 344
820 108 265
821 109 98
822 110 260
823 115 10
824 115 115
825 115 258
826 117 100
827 117 112
828 119 101
829 256 394
830 266 274
831 270 363
832 272 293
833 277 290
834 288 277
835 300 274
836 329 98
837 355 275
838 373 532
839 389 428
840 408 274
841 453 277
842 459 260
843 461 32
844 462 32
845 464 380
846 497 453
847 518 100
848 540 398
849 573 542
850 574 368
851 612 447
852 639 660
853 656 328
854 754 521
855 808 415
856 831 640
857 55 392
858 66 531
859 70 311
860 77 76
861 85 110
862 97 368
863 97 437
864 98 121
865 101 317
866 108 117
867 108 283
868 116 541
869 256 118
870 256 294
871 258 40
872 258 349
873 265 101
874 267 116
875 268 263
876 268 503
877 268 729
878 269 97
879 269 99
880 273 378
881 284 784
882 291 107
883 291 364
884 298 65
885 298 490
886 299 108
887 304 377
888 304 683
889 340 116
890 342 105
891 346 269
892 359 723
893 363 100
894 375 490
895 384 278
896 388 494
897 432 276
898 495 257
899 495 307
900 502 109
901 514 777
902 522 755
903 587 742
904 684 290
905 846 378
906 858 101
907 883 291
908 41 274
909 50 392
910 98 333
911 99 273
912 101 328
913 102 606
914 103 286
915 103 583
916 104 101
917 104 604
918 108 531
919 115 555
920 121 322
921 258 293
922 258 311
923 259 307
924 260 360
925 271 475
926 272 276
927 279 101
928 279 313
929 291 524
930 294 114
931 340 332
932 356 102
933 367 384
934 370 732
935 373 112
936 382 290
937 389 115
938 391 280
939 399 529
940 450 278
941 547 271
942 571 557
943 612 358
944 627 689
945 634 49
946 652 281
947 669 337
948 703 434
949 759 551
950 868 115
951 907 528
952 917 345
953 45 737
954 69 120
955 97 512
956 98 256
957 99 327
958 102 45
959 102 97
960 104 121
961 104 693
962 105 462
963 110 604
964 112 421
965 114 344
966 115 275
967 116 119
968 119 482
969 260 306
970 260 741
971 261 117
972 262 118
973 262 534
974 265 360
975 267 258
976 267 277
977 268 521
978 273 277
979 284 790
980 285 441
981 293 424
982 295 100
983 297 411
984 298 83
985 304 300
986 308 256
987 315 53
988 328 344
989 330 598
990 349 276
991 356 294
992 370 351
993 385 536
994 390 363
995 445 865
996 448 274
997 463 112
998 465 785
999 476 419
1000 480 462
1001 486 435
1002 489 293
1003 498 402
1004 514 106
1005 516 662
1006 526 302
1007 533 286
1008 534 468
1009 540 768
1010 564 505
1011 564 671
1012 572 112
1013 576 291
1014 587 317
1015 597 317
1016 605 356
1017 630 542
1018 645 377
1019 651 457
1020 652 368
1021 686 258
1022 692 697
1023 705 138
1024 715 378
1025 739 799
1026 748 117
1027 809 32
1028 822 45
1029 895 709
1030 906 750
1031 915 351
1032 944 313
1033 57 375
1034 67 111
1035 80 85
1036 80 286
1037 97 256
1038 97 277
1039 100 499
1040 101 101
1041 108 1026
1042 109 265
1043 109 279
1044 109 352
1045 110 267
1046 112 101
1047 112 321
1048 115 311
1049 115 480
1050 115 632
1051 117 507
1052 119 288
1053 256 817
1054 258 301
1055 260 334
1056 262 313
1057 265 472
1058 268 411
1059 269 700
1060 270 103
1061 271 472
1062 278 292
1063 279 327
1064 280 417
1065 280 477
1066 284 258
1067 285 109
1068 289 32
1069 294 826
1070 295 111
1071 297 272
1072 303 383
1073 315 50
1074 315 51
1075 330 551
1076 357 263
1077 357 363
1078 367 273
1079 371 306
1080 371 624
1081 373 1008
1082 381 307
1083 389 364
1084 396 121
1085 401 276
1086 426 378
1087 427 296
1088 441 263
1089 449 300
1090 463 663
1091 493 988
1092 500 568
1093 502 956
1094 517 277
1095 520 111
1096 530 393
1097 543 271
1098 558 511
1099 558 579
1100 561 728
1101 575 415
1102 590 398
1103 590 443
1104 617 678
1105 628 274
1106 636 890
1107 657 272
1108 685 398
1109 685 443
1110 749 380
1111 757 260
1112 792 311
1113 805 510
1114 818 116
1115 828 395
1116 960 1083
1117 961 793
1118 967 499
1119 32 293
1120 44 91
1121 44 527
1122 48 375
1123 49 392
1124 53 375
1125 56 392
1126 59 32
1127 65 108
1128 65 114
1129 68 279
1130 70 101
1131 83 116
1132 98 358
1133 99 286
1134 99 421
1135 99 927
1136 100 309
1137 101 46
1138 101 119
1139 101 259
1140 101 272
1141 102 308
1142 103 698
1143 105 263
1144 105 313
1145 105 342
1146 108 263
1147 109 304
1148 111 103
1149 112 105
1150 112 112
1151 112 344
1152 112 380
1153 114 283
1154 115 39
1155 115 440
1156 115 573
1157 116 277
1158 116 280
1159 117 321
1160 118 313
1161 118 728
1162 119 337
1163 119 393
1164 121 115
1165 257 271
1166 259 351
1167 261 116
1168 262 437
1169 269 825
1170 270 284
1171 272 302
1172 273 780
1173 274 629
1174 277 775
1175 283 258
1176 286 503
1177 288 105
1178 298 77
1179 300 1049
1180 307 293
1181 310 115
1182 325 257
1183 329 368
1184 340 438
1185 343 562
1186 354 116
1187 363 695
1188 373 284
1189 373 782
1190 377 290
1191 382 484
1192 382 812
1193 385 584
1194 391 266
1195 420 1077
1196 428 1176
1197 441 100
1198 450 567
1199 480 753
1200 481 510
1201 497 317
1202 503 515
1203 505 293
1204 530 110
1205 550 331
1206 564 100
1207 582 795
1208 619 1164
1209 627 862
1210 633 56
1211 656 528
1212 675 1174
1213 676 958
1214 734 1152
1215 769 712
1216 772 434
1217 772 599
1218 781 1084
1219 786 813
1220 796 109
1221 842 258
1222 855 399
1223 856 585
1224 891 120
1225 910 107
1226 933 292
1227 935 747
1228 946 469
1229 953 292
1230 991 421
1231 997 379
1232 1030 548
1233 1129 301
1234 1135 353
1235 1195 731
1236 41 322
1237 49 48
1238 49 375
1239 50 375
1240 52 392
1241 54 375
1242 55 375
1243 66 277
1244 70 82
1245 71 270
1246 72 111
1247 76 101
1248 77 32
1249 82 1244
1250 83 86
1251 87 104
1252 93 10
1253 97 355
1254 98 286
1255 98 659
1256 98 810
1257 100 258
1258 100 274
1259 100 306
1260 101 277
1261 101 528
1262 102 111
1263 102 271
1264 102 791
1265 103 313
1266 104 117
1267 105 294
1268 108 275
1269 108 314
1270 109 306
1271 109 316
1272 109 415
1273 110 519
1274 112 258
1275 115 266
1276 115 436
1277 115 466
1278 115 863
1279 116 659
1280 117 695
1281 118 275
1282 118 319
1283 119 693
1284 119 1038
1285 120 523
1286 256 257
1287 257 276
1288 258 387
1289 259 310
1290 261 98
1291 262 367
1292 265 263
1293 265 333
1294 265 478
1295 269 521
1296 269 585
1297 270 780
1298 271 546
1299 273 116
1300 274 311
1301 274 400
1302 280 432
1303 283 286
1304 283 577
1305 295 277
1306 298 859
1307 300 322
1308 302 629
1309 303 262
1310 312 332
1311 315 55
1312 316 121
1313 316 264
1314 325 313
1315 334 360
1316 346 1055
1317 352 111
1318 356 635
1319 356 977
1320 370 499
1321 373 543
1322 379 1271
1323 389 116
1324 394 317
1325 394 393
1326 395 115
1327 402 114
1328 405 265
1329 406 912
1330 408 298
1331 408 322
1332 413 610
1333 414 276
1334 420 275
1335 430 1187
1336 450 515
1337 489 302
1338 489 387
1339 493 647
1340 504 369
1341 517 121
1342 517 1261
1343 520 815
1344 526 256
1345 533 1296
1346 538 369
1347 541 1015
1348 547 292
1349 571 642
1350 582 111
1351 636 102
1352 639 1325
1353 650 626
1354 651 1179
1355 676 277
1356 715 572
1357 720 1006
1358 722 313
1359 725 419
1360 757 309
1361 771 275
1362 783 292
1363 796 317
1364 864 306
1365 877 105
1366 881 1057
1367 886 879
1368 913 263
1369 916 271
1370 962 272
1371 963 98
1372 973 277
1373 983 566
1374 1041 779
1375 1046 468
1376 1060 508
1377 1061 876
1378 1098 903
1379 1115 274
1380 1137 103
1381 1156 257
1382 1162 562
1383 1204 376
1384 1227 415
1385 1230 669
1386 1293 394
1387 1318 354
1388 40 1380
1389 45 1112
1390 46 10
1391 46 52
1392 46 274
1393 51 375
1394 51 392
1395 52 375
1396 53 392
1397 54 446
1398 55 48
1399 56 375
1400 56 611
1401 57 392
1402 67 65
1403 67 104
1404 71 111
1405 71 1253
1406 73 272
1407 82 117
1408 84 1035
1409 93 322
1410 97 263
1411 98 606
1412 99 288
1413 99 334
1414 99 418
1415 100 351
1416 101 291
1417 101 294
1418 101 305
1419 102 277
1420 102 358
1421 102 469
1422 105 45
1423 106 117
1424 107 256
1425 108 301
1426 109 292
1427 110 264
1428 111 437
1429 112 283
1430 115 97
1431 115 262
1432 115 423
1433 115 675
1434 116 265
1435 116 275
1436 117 297
1437 117 332
1438 117 844
1439 118 270
1440 118 304
1441 119 264
1442 119 310
1443 119 617
1444 119 873
1445 256 117
1446 256 466
1447 258 276
1448 260 103
1449 264 101
1450 264 110
1451 264 114
1452 266 44
1453 267 598
1454 268 110
1455 268 257
1456 268 1283
1457 269 534
1458 270 99
1459 270 1048
1460 273 272
1461 274 330
1462 279 267
1463 279 403
1464 280 276
1465 281 111
1466 281 1386
1467 283 925
1468 284 122
1469 284 515
1470 286 1438
1471 288 32
1472 297 493
1473 299 437
1474 303 115
1475 304 272
1476 306 696
1477 307 273
1478 307 345
1479 309 515
1480 312 363
1481 312 893
1482 313 301
1483 314 272
1484 315 56
1485 316 257
1486 333 272
1487 355 264
1488 356 103
1489 359 361
1490 359 720
1491 363 1138
1492 364 277
1493 366 108
1494 367 314
1495 377 965
1496 382 293
1497 383 48
1498 383 52
1499 383 54
1500 388 1142
1501 389 1151
1502 395 292
1503 403 306
1504 404 1270
1505 405 1040
1506 407 821
1507 408 536
1508 411 273
1509 412 673
1510 420 270
1511 431 414
1512 436 276
1513 448 529
1514 450 926
1515 454 415
1516 458 379
1517 460 536
1518 460 845
1519 461 45
1520 464 510
1521 472 484
1522 481 269
1523 487 377
1524 487 698
1525 492 619
1526 504 602
1527 520 314
1528 526 524
1529 533 867
1530 535 560
1531 535 1025
1532 540 443
1533 543 292
1534 543 1145
1535 544 281
1536 571 1159
1537 592 662
1538 603 52
1539 605 118
1540 609 1024
1541 616 278
1542 616 382
1543 657 110
1544 660 292
1545 664 317
1546 668 663
1547 678 292
1548 690 32
1549 694 696
1550 705 147
1551 724 1304
1552 725 107
1553 744 1446
1554 758 1445
1555 776 258
1556 805 269
1557 814 101
1558 819 32
1559 820 434
1560 829 333
1561 856 1272
1562 874 1389
1563 882 275
1564 894 945
1565 901 280
1566 901 658
1567 919 793
1568 931 105
1569 994 568
1570 1003 319
1571 1004 496
1572 1009 257
1573 1034 296
1574 1042 107
1575 1043 421
1576 1052 108
1577 1069 277
1578 1070 1212
1579 1075 475
1580 1078 258
1581 1130 1063
1582 1131 570
1583 1133 824
1584 1177 636
1585 1219 266
1586 1247 287
1587 1249 32
1588 1266 453
1589 1339 1029
1590 1376 264
1591 1404 1148
1592 1405 750
1593 1407 1059
1594 1418 319
1595 1420 557
1596 1490 110
1597 1505 368
1598 1506 441
1599 1553 112
1600 10 111
1601 32 83
1602 32 290
1603 44 376
1604 44 713
1605 45 1381
1606 48 392
1607 49 54
1608 51 93
1609 53 446
1610 58 1023
1611 65 78
1612 65 115
1613 65 393
1614 67 260
1615 68 101
1616 68 410
1617 68 690
1618 71 583
1619 77 1303
1620 78 101
1621 79 509
1622 82 309
1623 83 357
1624 84 649
1625 98 108
1626 98 327
1627 98 336
1628 98 541
1629 98 986
1630 98 1584
1631 99 97
1632 99 272
1633 100 121
1634 100 266
1635 100 280
1636 101 45
1637 101 401
1638 102 121
1639 102 319
1640 102 866
1641 103 256
1642 103 321
1643 104 710
1644 104 1197
1645 105 122
1646 105 260
1647 105 875
1648 106 355
1649 107 275
1650 107 1260
1651 107 1450
1652 108 97
1653 108 319
1654 109 418
1655 110 323
1656 111 109
1657 111 332
1658 111 647
1659 112 117
1660 112 410
1661 114 271
1662 114 471
1663 115 285
1664 115 327
1665 116 642
1666 117 286
1667 117 356
1668 117 368
1669 117 512
1670 118 101
1671 118 333
1672 118 344
1673 122 105
1674 124 124
1675 256 575
1676 256 1544
1677 256 1640
1678 257 40
1679 258 425
1680 258 745
1681 259 345
1682 259 1470
1683 261 109
1684 261 268
1685 261 1264
1686 264 457
1687 265 121
1688 267 105
1689 268 314
1690 268 502
1691 268 572
1692 268 1086
1693 268 1222
1694 268 1421
1695 269 110
1696 270 263
1697 275 293
1698 276 359
1699 276 385
1700 279 834
1701 280 864
1702 281 748
1703 283 313
1704 297 274
1705 297 563
1706 297 879
1707 297 1502
1708 299 344
1709 301 290
1710 302 1453
1711 303 565
1712 303 1660
1713 304 104
1714 309 97
1715 312 112
1716 312 503
1717 312 1086
1718 313 290
1719 315 54
1720 316 352
1721 316 360
1722 319 290
1723 324 335
1724 329 296
1725 330 486
1726 330 716
1727 330 1017
1728 330 1096
1729 333 1025
1730 335 624
1731 337 1425
1732 340 1267
1733 346 265
1734 350 413
1735 352 1422
1736 354 1654
1737 359 1012
1738 359 1439
1739 362 109
1740 362 317
1741 363 398
1742 366 474
1743 369 276
1744 369 1010
1745 379 107
1746 383 51
1747 383 53
1748 389 475
1749 389 1441
1750 389 1469
1751 390 45
1752 391 643
1753 394 109
1754 400 591
1755 403 733
1756 403 1635
1757 403 1686
1758 413 490
1759 413 1082
1760 419 293
1761 427 294
1762 427 689
1763 431 258
1764 438 333
1765 438 531
1766 438 1037
1767 441 1160
1768 442 276
1769 448 416
1770 449 257
1771 449 275
1772 450 272
1773 453 690
1774 459 331
1775 460 408
1776 466 438
1777 471 276
1778 472 290
1779 475 274
1780 477 904
1781 478 719
1782 482 397
1783 485 349
1784 493 519
1785 496 280
1786 516 301
1787 517 677
1788 520 479
1789 520 955
1790 522 1776
1791 545 264
1792 547 279
1793 552 344
1794 556 258
1795 556 414
1796 561 351
1797 563 53
1798 563 54
1799 571 327
1800 580 424
1801 591 397
1802 593 1002
1803 594 354
1804 595 999
1805 599 1605
1806 603 56
1807 605 1423
1808 606 263
1809 611 55
1810 615 496
1811 616 567
1812 632 83
1813 635 103
1814 637 100
1815 640 741
1816 645 300
1817 645 835
1818 650 306
1819 701 1642
1820 723 1474
1821 724 621
1822 729 105
1823 737 1377
1824 744 282
1825 746 1637
1826 752 424
1827 765 101
1828 765 257
1829 770 292
1830 770 887
1831 778 1202
1832 792 267
1833 800 1171
1834 804 888
1835 810 290
1836 816 276
1837 820 1805
1838 838 105
1839 854 557
1840 854 642
1841 861 716
1842 869 1309
1843 870 1172
1844 889 747
1845 892 382
1846 902 275
1847 914 330
1848 918 264
1849 919 1444
1850 931 523
1851 932 575
1852 932 1101
1853 937 1110
1854 938 331
1855 951 485
1856 954 423
1857 954 1766
1858 957 1454
1859 964 1671
1860 971 356
1861 979 300
1862 979 377
1863 994 1181
1864 1000 264
1865 1013 382
1866 1016 1496
1867 1021 631
1868 1022 457
1869 1036 452
1870 1053 314
1871 1058 506
1872 1068 417
1873 1087 832
1874 1089 292
1875 1091 974
1876 1095 1099
1877 1106 415
1878 1116 1066
1879 1141 367
1880 1154 32
1881 1165 1742
1882 1188 875
1883 1193 275
1884 1206 313
1885 1208 579
1886 1213 399
1887 1226 1387
1888 1245 264
1889 1246 1379
1890 1262 739
1891 1275 380
1892 1289 844
1893 1306 1105
1894 1319 360
1895 1323 1547
1896 1327 788
1897 1350 419
1898 1354 1274
1899 1371 1722
1900 1375 269
1901 1378 266
1902 1388 1392
1903 1391 37
1904 1411 100
1905 1416 337
1906 1436 1558
1907 1437 456
1908 1442 1146
1909 1557 1881
1910 1578 1192
1911 1586 275
1912 1599 292
1913 1600 10
1914 1608 1610
1915 1611 78
1916 1612 697
1917 1616 768
1918 1617 1101
1919 1627 791
1920 1633 1273
1921 1662 40
1922 1672 1427
1923 1690 1814
1924 1708 263
1925 1710 293
1926 1712 577
1927 1748 1736
1928 1784 336
1929 1807 294
1930 10 123
1931 32 40
1932 32 836
1933 32 1541
1934 34 91
1935 34 274
1936 34 322
1937 34 1256
1938 40 73
1939 40 97
1940 40 276
1941 40 860
1942 41 298
1943 45 1580
1944 48 32
1945 48 48
1946 48 258
1947 49 611
1948 51 446
1949 52 56
1950 58 326
1951 65 110
1952 65 354
1953 65 440
1954 66 32
1955 66 105
1956 67 1269
1957 68 32
1958 68 781
1959 68 1040
1960 69 821
1961 70 1757
1962 71 101
1963 75 68
1964 76 80
1965 77 256
1966 77 347
1967 78 336
1968 79 395
1969 80 421
1970 82 273
1971 84 111
1972 91 57
1973 97 45
1974 97 107
1975 97 302
1976 97 337
1977 97 1488
1978 98 97
1979 98 264
1980 98 314
1981 98 380
1982 99 265
1983 99 344
1984 99 355
1985 99 397
1986 99 452
1987 99 873
1988 100 270
1989 100 303
1990 100 308
1991 100 327
1992 100 352
1993 100 421
1994 100 1415
1995 101 98
1996 101 274
1997 101 893
1998 101 974
1999 102 117
2000 102 327
2001 102 337
2002 102 379
2003 102 441
2004 102 890
2005 103 117
2006 103 273
2007 103 303
2008 103 471
2009 103 863
2010 104 264
2011 104 288
2012 105 271
2013 105 433
2014 105 561
2015 106 514
2016 108 279
2017 108 1286
2018 109 258
2019 109 336
2020 110 279
2021 110 303
2022 110 668
2023 110 1063
2024 111 1282
2025 111 1355
2026 112 97
2027 112 270
2028 112 314
2029 112 1562
2030 112 1965
2031 114 304
2032 114 397
2033 115 34
2034 115 104
2035 115 260
2036 115 474
2037 115 774
2038 115 830
2039 116 257
2040 116 327
2041 116 421
2042 116 481
2043 116 589
2044 116 640
2045 117 258
2046 117 262
2047 117 292
2048 118 271
2049 118 303
2050 119 1292
2051 121 626
2052 121 1140
2053 125 32
2054 256 107
2055 256 281
2056 256 356
2057 256 378
2058 256 384
2059 256 405
2060 256 503
2061 256 527
2062 256 621
2063 256 680
2064 256 722
2065 256 1202
2066 256 2010
2067 257 301
2068 259 1658
2069 259 2045
2070 260 101
2071 260 271
2072 260 378
2073 260 930
2074 260 1656
2075 261 281
2076 263 290
2077 264 103
2078 265 677
2079 267 100
2080 267 272
2081 267 306
2082 268 271
2083 268 292
2084 268 379
2085 268 702
2086 268 1632
2087 269 1483
2088 270 104
2089 270 297
2090 270 299
2091 270 335
2092 270 398
2093 270 444
2094 270 1476
2095 271 322
2096 271 562
2097 271 1695
2098 271 2085
2099 273 99
2100 273 691
2101 274 850
2102 274 878
2103 274 934
2104 274 1320
2105 274 1926
2106 275 537
2107 275 852
2108 278 322
2109 278 436
2110 279 975
2111 279 1873
2112 280 311
2113 280 624
2114 281 352
2115 281 2097
2116 282 527
2117 284 273
2118 284 646
2119 285 112
2120 285 2050
2121 286 494
2122 289 280
2123 290 1092
2124 291 106
2125 291 256
2126 291 302
2127 291 671
2128 293 771
2129 294 574
2130 294 782
2131 294 1667
2132 297 351
2133 298 69
2134 298 72
2135 298 549
2136 300 292
2137 300 414
2138 302 634
2139 303 440
2140 303 455
2141 304 329
2142 307 487
2143 307 727
2144 310 263
2145 315 52
2146 316 677
2147 316 920
2148 319 775
2149 320 682
2150 326 549
2151 329 1150
2152 329 1986
2153 330 105
2154 333 117
2155 333 972
2156 334 258
2157 334 1661
2158 340 112
2159 340 272
2160 340 361
2161 340 519
2162 340 663
2163 343 764
2164 344 1157
2165 348 276
2166 349 359
2167 350 298
2168 350 414
2169 352 415
2170 355 621
2171 356 893
2172 357 1281
2173 359 110
2174 359 1373
2175 363 373
2176 363 426
2177 364 317
2178 366 367
2179 366 866
2180 369 311
2181 370 101
2182 370 316
2183 370 339
2184 371 302
2185 371 477
2186 373 102
2187 373 118
2188 374 276
2189 377 387
2190 382 40
2191 383 50
2192 385 1071
2193 387 400
2194 387 848
2195 387 1105
2196 389 867
2197 391 403
2198 397 489
2199 398 735
2200 399 416
2201 400 307
2202 403 376
2203 403 535
2204 407 2022
2205 420 502
2206 432 1360
2207 435 1477
2208 442 667
2209 448 10
2210 448 298
2211 448 763
2212 448 1032
2213 458 502
2214 460 385
2215 462 272
2216 467 293
2217 467 592
2218 480 844
2219 480 1994
2220 481 1059
2221 485 293
2222 485 307
2223 487 658
2224 487 1065
2225 491 97
2226 491 403
2227 493 262
2228 493 1977
2229 495 101
2230 495 482
2231 511 350
2232 514 1344
2233 519 970
2234 523 337
2235 526 428
2236 532 1257
2237 535 957
2238 542 293
2239 544 368
2240 555 270
2241 556 966
2242 556 2038
2243 558 283
2244 559 2149
2245 560 977
2246 560 1111
2247 560 2086
2248 561 2154
2249 563 50
2250 565 313
2251 565 471
2252 569 40
2253 581 281
2254 582 794
2255 583 319
2256 585 274
2257 588 472
2258 589 293
2259 590 115
2260 597 313
2261 599 272
2262 602 376
2263 609 842
2264 609 1221
2265 616 711
2266 619 511
2267 627 1285
2268 628 369
2269 628 413
2270 630 707
2271 642 258
2272 657 116
2273 666 1109
2274 668 312
2275 674 2266
2276 682 274
2277 692 297
2278 701 855
2279 701 1222
2280 703 1265
2281 722 303
2282 731 110
2283 735 602
2284 743 788
2285 749 337
2286 758 286
2287 761 276
2288 762 276
2289 767 266
2290 769 682
2291 770 985
2292 773 293
2293 773 631
2294 778 1866
2295 783 271
2296 787 626
2297 800 116
2298 800 691
2299 803 1014
2300 803 1741
2301 804 472
2302 815 413
2303 824 1169
2304 827 324
2305 827 2029
2306 828 1370
2307 829 1417
2308 841 638
2309 847 274
2310 852 258
2311 853 271
2312 860 32
2313 869 1767
2314 870 880
2315 876 654
2316 877 756
2317 878 263
2318 881 483
2319 884 110
2320 884 114
2321 886 1295
2322 891 794
2323 892 278
2324 900 330
2325 900 331
2326 911 580
2327 914 827
2328 918 319
2329 918 469
2330 925 322
2331 928 276
2332 941 887
2333 942 765
2334 950 333
2335 959 337
2336 963 264
2337 971 1067
2338 973 121
2339 980 32
2340 1007 118
2341 1014 349
2342 1022 1495
2343 1028 666
2344 1034 742
2345 1044 976
2346 1045 675
2347 1045 1426
2348 1051 290
2349 1073 1914
2350 1078 275
2351 1090 658
2352 1093 280
2353 1104 402
2354 1106 1458
2355 1109 40
2356 1114 267
2357 1127 1892
2358 1128 1781
2359 1134 98
2360 1139 579
2361 1163 293
2362 1166 276
2363 1167 306
2364 1170 348
2365 1178 978
2366 1189 435
2367 1199 277
2368 1224 1521
2369 1233 584
2370 1234 105
2371 1250 1248
2372 1251 351
2373 1254 1410
2374 1263 108
2375 1277 566
2376 1290 624
2377 1310 1056
2378 1343 1797
2379 1349 258
2380 1351 1479
2381 1359 387
2382 1367 936
2383 1369 259
2384 1369 795
2385 1398 1954
2386 1402 549
2387 1403 2055
2388 1412 264
2389 1430 1143
2390 1434 2261
2391 1457 414
2392 1472 471
2393 1481 280
2394 1489 294
2395 1493 348
2396 1501 483
2397 1508 262
2398 1510 1231
2399 1516 2148
2400 1519 1749
2401 1529 1721
2402 1531 121
2403 1534 1299
2404 1552 258
2405 1565 839
2406 1568 566
2407 1573 358
2408 1575 794
2409 1581 682
2410 1582 528
2411 1583 98
2412 1589 435
2413 1591 380
2414 1592 556
2415 1596 280
2416 1597 1365
2417 1615 782
2418 1624 1467
2419 1641 292
2420 1651 1471
2421 1666 2275
2422 1673 507
2423 1688 2419
2424 1691 583
2425 1731 2385
2426 1745 834
2427 1773 1088
2428 1791 2235
2429 1803 558
2430 1813 552
2431 1819 2199
2432 1822 515
2433 1847 263
2434 1850 334
2435 1857 589
2436 1858 272
2437 1859 277
2438 1863 360
2439 1864 1229
2440 1869 966
2441 1882 943
2442 1888 271
2443 1898 736
2444 1907 399
2445 1920 511
2446 1927 1291
2447 1939 44
2448 1958 623
2449 1959 2030
2450 1960 1756
2451 1967 2002
2452 1968 813
2453 1969 122
2454 1970 1015
2455 1984 1067
2456 1987 274
2457 1989 2359
2458 1992 2073
2459 1997 566
2460 2001 394
2461 2023 292
2462 2042 257
2463 2056 2176
2464 2059 1647
2465 2089 821
2466 2098 277
2467 2178 2250
2468 2337 457
2469 2387 2425
2470 2401 291
2471 2451 794
2472 10 114
2473 10 490
2474 10 549
2475 10 823
2476 32 76
2477 32 276
2478 34 67
2479 34 435
2480 34 1097
2481 34 2197
2482 40 46
2483 40 76
2484 40 82
2485 40 88
2486 40 330
2487 40 461
2488 40 945
2489 40 1154
2490 41 10
2491 41 984
2492 44 982
2493 45 102
2494 45 725
2495 45 882
2496 45 1027
2497 45 1457
2498 45 1792
2499 45 2048
2500 46 1934
2501 47 51
2502 48 57
2503 48 602
2504 49 1932
2505 50 49
2506 50 53
2507 50 1903
2508 51 611
2509 51 1242
2510 52 611
2511 52 857
2512 52 1252
2513 53 57
2514 54 274
2515 54 392
2516 55 55
2517 56 48
2518 56 1023
2519 57 48
2520 57 93
2521 57 446
2522 65 84
2523 65 85
2524 65 99
2525 65 112
2526 66 1248
2527 66 1714
2528 67 32
2529 67 83
2530 67 440
2531 67 866
2532 67 2482
2533 68 80
2534 68 440
2535 68 523
2536 69 259
2537 70 80
2538 71 1035
2539 72 1995
2540 73 68
2541 73 291
2542 73 2526
2543 76 65
2544 76 90
2545 76 111
2546 77 323
2547 77 344
2548 77 2533
2549 78 82
2550 79 110
2551 79 746
2552 79 2027
2553 80 265
2554 82 514
2555 83 121
2556 83 1428
2557 83 2234
2558 83 2444
2559 84 986
2560 84 1459
2561 86 2540
2562 88 843
2563 92 123
2564 92 125
2565 92 291
2566 97 118
2567 97 363
2568 97 523
2569 97 870
2570 98 270
2571 98 288
2572 98 308
2573 98 318
2574 98 355
2575 98 469
2576 98 588
2577 98 702
2578 98 867
2579 99 114
2580 99 278
2581 99 382
2582 99 419
2583 99 668
2584 99 837
2585 100 288
2586 100 414
2587 100 655
2588 100 880
2589 100 1038
2590 100 1170
2591 101 262
2592 101 265
2593 101 395
2594 101 411
2595 101 596
2596 101 683
2597 101 1295
2598 102 108
2599 102 732
2600 102 2477
2601 103 319
2602 103 519
2603 103 599
2604 103 730
2605 103 2110
2606 104 267
2607 104 283
2608 104 482
2609 104 1088
2610 105 268
2611 105 288
2612 105 297
2613 105 348
2614 105 373
2615 105 512
2616 105 1151
2617 105 2238
2618 106 545
2619 106 826
2620 106 2282
2621 107 360
2622 107 830
2623 107 1943
2624 108 100
2625 108 108
2626 108 562
2627 108 830
2628 108 1448
2629 108 2062
2630 109 264
2631 109 330
2632 109 511
2633 109 722
2634 109 789
2635 109 1303
2636 109 1370
2637 110 100
2638 110 275
2639 111 272
2640 111 1649
2641 112 267
2642 112 272
2643 112 327
2644 112 357
2645 112 422
2646 112 799
2647 112 1055
2648 114 257
2649 114 275
2650 114 317
2651 114 928
2652 114 2054
2653 115 107
2654 115 282
2655 115 326
2656 115 351
2657 115 596
2658 115 600
2659 115 819
2660 115 1170
2661 115 1696
2662 116 266
2663 116 294
2664 116 889
2665 116 1153
2666 116 1268
2667 116 1459
2668 117 329
2669 118 403
2670 118 643
2671 118 2489
2672 119 257
2673 119 265
2674 119 574
2675 119 1461
2676 119 1815
2677 119 2447
2678 120 288
2679 121 275
2680 121 341
2681 121 713
2682 121 1979
2683 121 2611
2684 256 99
2685 256 272
2686 256 303
2687 256 377
2688 256 751
2689 256 1384
2690 256 1530
2691 257 273
2692 257 293
2693 257 349
2694 257 718
2695 257 1911
2696 258 273
2697 258 331
2698 258 479
2699 258 516
2700 258 1020
2701 258 1207
2702 258 1353
2703 258 1549
2704 258 1730
2705 259 321
2706 259 327
2707 259 482
2708 259 1455
2709 259 2650
2710 260 275
2711 260 1646
2712 261 103
2713 261 118
2714 261 272
2715 261 358
2716 264 369
2717 264 563
2718 264 584
2719 264 2012
2720 265 116
2721 265 266
2722 265 281
2723 265 318
2724 265 337
2725 265 418
2726 265 1808
2727 266 372
2728 266 440
2729 267 472
2730 267 551
2731 267 1521
2732 267 2006
2733 268 284
2734 268 359
2735 268 466
2736 268 575
2737 268 855
2738 268 869
2739 268 1491
2740 268 2125
2741 269 395
2742 269 414
2743 269 539
2744 270 115
2745 270 505
2746 270 572
2747 271 274
2748 271 275
2749 271 304
2750 271 429
2751 271 1148
2752 272 349
2753 272 990
2754 273 283
2755 273 434
2756 273 526
2757 273 622
2758 273 638
2759 273 721
2760 273 1414
2761 273 2751
2762 274 307
2763 274 401
2764 274 467
2765 274 811
2766 274 816
2767 274 1010
2768 274 1693
2769 274 2416
2770 275 302
2771 275 307
2772 275 311
2773 275 1194
2774 275 1466
2775 276 289
2776 276 405
2777 276 943
2778 276 1255
2779 276 1278
2780 276 1795
2781 276 1998
2782 277 311
2783 277 648
2784 278 369
2785 278 577
2786 279 111
2787 279 288
2788 279 368
2789 279 582
2790 280 285
2791 280 630
2792 280 1682
2793 280 2063
2794 281 313
2795 281 2755
2796 281 2789
2797 282 102
2798 282 416
2799 282 575
2800 283 823
2801 283 871
2802 284 296
2803 284 342
2804 284 671
2805 285 376
2806 285 681
2807 286 32
2808 286 111
2809 288 523
2810 288 958
2811 289 306
2812 289 1054
2813 289 1064
2814 290 569
2815 290 1221
2816 291 428
2817 291 1274
2818 291 1285
2819 293 638
2820 293 2818
2821 294 273
2822 294 352
2823 294 360
2824 294 414
2825 294 469
2826 294 710
2827 294 986
2828 294 1815
2829 294 1974
2830 295 372
2831 295 609
2832 296 1067
2833 297 101
2834 297 2581
2835 298 75
2836 298 2550
2837 299 500
2838 299 827
2839 299 1282
2840 300 369
2841 300 413
2842 300 442
2843 300 455
2844 300 823
2845 300 1684
2846 300 2349
2847 301 102
2848 302 448
2849 302 847
2850 302 850
2851 302 1210
2852 302 1559
2853 303 44
2854 303 382
2855 303 398
2856 304 260
2857 304 274
2858 304 328
2859 304 835
2860 307 314
2861 307 650
2862 307 849
2863 307 949
2864 307 1383
2865 307 2205
2866 307 2389
2867 308 509
2868 308 1981
2869 309 972
2870 311 811
2871 311 1136
2872 312 389
2873 312 937
2874 313 276
2875 313 285
2876 314 543
2877 314 1724
2878 315 57
2879 315 403
2880 316 496
2881 316 676
2882 316 1252
2883 319 293
2884 321 731
2885 322 115
2886 322 916
2887 322 1166
2888 325 303
2889 325 1636
2890 327 292
2891 327 888
2892 328 442
2893 329 316
2894 329 2004
2895 329 2603
2896 330 316
2897 330 1001
2898 330 1169
2899 330 2132
2900 331 667
2901 332 1012
2902 332 2035
2903 333 691
2904 333 2388
2905 334 369
2906 334 475
2907 335 458
2908 335 475
2909 336 121
2910 336 833
2911 337 1269
2912 340 720
2913 340 1012
2914 340 1047
2915 340 1486
2916 341 2025
2917 341 2144
2918 343 660
2919 343 970
2920 344 1777
2921 345 718
2922 345 1314
2923 346 978
2924 348 1729
2925 349 425
2926 349 1367
2927 352 2077
2928 352 2920
2929 353 2911
2930 354 32
2931 354 304
2932 354 494
2933 354 534
2934 355 469
2935 355 643
2936 356 297
2937 357 112
2938 359 356
2939 359 439
2940 359 1006
2941 359 2618
2942 360 745
2943 361 302
2944 361 534
2945 362 291
2946 362 659
2947 362 1185
2948 362 1714
2949 363 301
2950 365 2632
2951 366 1414
2952 368 290
2953 369 293
2954 369 631
2955 369 1563
2956 370 1449
2957 370 1485
2958 371 458
2959 371 706
2960 373 363
2961 373 1258
2962 373 2748
2963 376 65
2964 376 276
2965 377 40
2966 377 1200
2967 379 260
2968 379 462
2969 380 290
2970 381 101
2971 381 644
2972 381 1782
2973 382 307
2974 382 680
2975 383 49
2976 383 55
2977 385 290
2978 385 839
2979 387 276
2980 387 460
2981 387 1846
2982 388 403
2983 388 578
2984 388 2675
2985 389 647
2986 390 2043
2987 395 284
2988 395 676
2989 395 1145
2990 396 2303
2991 396 2640
2992 399 10
2993 399 814
2994 399 885
2995 400 293
2996 400 485
2997 400 537
2998 400 761
2999 400 995
3000 400 998
3001 400 1346
3002 401 1900
3003 402 926
3004 405 519
3005 406 2596
3006 407 2832
3007 408 436
3008 408 657
3009 411 2854
3010 412 874
3011 412 2080
3012 413 83
3013 413 549
3014 413 1618
3015 413 1918
3016 417 1852
3017 421 462
3018 421 2113
3019 425 1528
3020 425 1833
3021 427 519
3022 428 481
3023 430 1440
3024 430 1574
3025 432 774
3026 434 290
3027 435 517
3028 435 1094
3029 435 1341
3030 436 467
3031 439 2825
3032 440 537
3033 442 625
3034 443 775
3035 446 1033
3036 449 266
3037 449 377
3038 449 469
3039 449 655
3040 450 691
3041 452 436
3042 453 2616
3043 457 276
3044 457 1085
3045 457 2206
3046 458 2804
3047 460 556
3048 460 840
3049 460 993
3050 460 1520
3051 461 322
3052 461 436
3053 466 114
3054 467 307
3055 468 2647
3056 475 1685
3057 477 758
3058 479 301
3059 480 2649
3060 485 276
3061 485 401
3062 487 275
3063 487 655
3064 487 1054
3065 487 1755
3066 488 2908
3067 489 477
3068 495 644
3069 498 1419
3070 498 1638
3071 500 471
3072 500 589
3073 500 2910
3074 502 275
3075 505 680
3076 505 751
3077 506 2021
3078 507 736
3079 508 274
3080 510 1011
3081 511 538
3082 511 1525
3083 512 349
3084 517 912
3085 519 117
3086 522 2839
3087 523 2631
3088 527 948
3089 529 2198
3090 532 263
3091 532 505
3092 532 1485
3093 532 1634
3094 533 874
3095 533 2903
3096 535 278
3097 535 452
3098 536 2662
3099 537 1795
3100 538 442
3101 541 3026
3102 546 989
3103 547 471
3104 547 577
3105 547 928
3106 549 2299
3107 550 801
3108 551 583
3109 556 1705
3110 557 290
3111 560 257
3112 560 1203
3113 560 2641
3114 561 441
3115 567 40
3116 569 111
3117 569 1699
3118 573 562
3119 573 653
3120 574 281
3121 575 1297
3122 580 1334
3123 580 2683
3124 582 120
3125 584 523
3126 584 2729
3127 585 292
3128 587 2018
3129 590 1048
3130 593 1338
3131 595 2204
3132 597 584
3133 597 2126
3134 598 276
3135 598 290
3136 600 1379
3137 602 713
3138 603 50
3139 603 53
3140 603 54
3141 603 55
3142 603 57
3143 605 668
3144 606 553
3145 609 1356
3146 609 1774
3147 609 3087
3148 610 1324
3149 615 2718
3150 616 936
3151 617 377
3152 617 2093
3153 619 2070
3154 620 257
3155 620 2637
3156 623 735
3157 628 554
3158 629 1039
3159 630 653
3160 633 54
3161 633 2519
3162 634 633
3163 635 117
3164 635 313
3165 635 2569
3166 641 419
3167 643 1094
3168 645 1307
3169 648 1196
3170 648 1298
3171 651 471
3172 658 331
3173 661 292
3174 661 2750
3175 666 1904
3176 675 1144
3177 684 349
3178 686 726
3179 688 270
3180 692 329
3181 692 1724
3182 696 1161
3183 697 457
3184 701 1535
3185 701 2239
3186 702 468
3187 702 1326
3188 703 2604
3189 704 395
3190 705 148
3191 706 1876
3192 708 1789
3193 710 261
3194 712 998
3195 716 529
3196 716 554
3197 716 2768
3198 717 258
3199 717 1768
3200 718 1330
3201 718 1556
3202 719 872
3203 724 1718
3204 726 385
3205 727 1294
3206 727 2870
3207 730 631
3208 734 737
3209 735 871
3210 743 2823
3211 753 257
3212 753 779
3213 758 889
3214 760 1228
3215 761 301
3216 762 2383
3217 763 349
3218 764 45
3219 764 258
3220 764 1229
3221 765 621
3222 767 275
3223 767 735
3224 769 2695
3225 771 306
3226 774 293
3227 776 369
3228 777 1703
3229 778 394
3230 781 357
3231 789 1582
3232 797 2446
3233 798 3152
3234 800 1435
3235 803 2375
3236 804 1358
3237 809 577
3238 817 457
3239 818 2164
3240 819 360
3241 822 666
3242 823 549
3243 824 260
3244 824 585
3245 833 569
3246 845 290
3247 845 2861
3248 849 34
3249 851 290
3250 853 258
3251 853 369
3252 859 3157
3253 861 2252
3254 873 1709
3255 875 2805
3256 881 265
3257 882 313
3258 889 2364
3259 892 567
3260 898 2386
3261 899 307
3262 899 2274
3263 900 2071
3264 902 277
3265 902 833
3266 903 275
3267 904 1069
3268 906 2117
3269 909 1215
3270 910 1760
3271 911 713
3272 911 1186
3273 912 416
3274 913 100
3275 914 2348
3276 922 1198
3277 924 727
3278 927 103
3279 929 1198
3280 930 3278
3281 932 342
3282 935 2745
3283 937 749
3284 940 413
3285 940 1806
3286 941 756
3287 942 1590
3288 947 116
3289 947 272
3290 947 1259
3291 949 275
3292 950 2945
3293 952 2432
3294 952 2572
3295 953 271
3296 959 2617
3297 959 3077
3298 969 1751
3299 971 285
3300 980 1119
3301 980 1288
3302 984 2412
3303 992 1733
3304 992 2777
3305 997 360
3306 1000 1229
3307 1004 1479
3308 1004 2869
3309 1005 1081
3310 1007 1160
3311 1007 2165
3312 1016 1062
3313 1017 1775
3314 1019 293
3315 1022 2966
3316 1027 686
3317 1036 2576
3318 1039 3102
3319 1043 2719
3320 1044 2575
3321 1047 264
3322 1047 566
3323 1052 562
3324 1053 513
3325 1053 955
3326 1058 2610
3327 1070 746
3328 1072 49
3329 1072 51
3330 1072 52
3331 1076 662
3332 1081 655
3333 1082 2834
3334 1087 691
3335 1090 2137
3336 1091 265
3337 1091 483
3338 1095 1013
3339 1096 1217
3340 1097 2363
3341 1100 377
3342 1102 529
3343 1103 290
3344 1104 1419
3345 1104 1638
3346 1107 592
3347 1108 298
3348 1117 2904
3349 1120 49
3350 1120 55
3351 1127 2644
3352 1128 2706
3353 1132 713
3354 1133 115
3355 1136 702
3356 1136 2157
3357 1139 1175
3358 1147 398
3359 1149 309
3360 1149 2678
3361 1149 2807
3362 1150 275
3363 1150 280
3364 1161 1678
3365 1168 1224
3366 1183 349
3367 1184 273
3368 1184 1975
3369 1186 306
3370 1188 2868
3371 1189 719
3372 1193 266
3373 1194 322
3374 1194 763
3375 1199 579
3376 1200 2926
3377 1201 1021
3378 1210 48
3379 1212 278
3380 1215 1941
3381 1220 258
3382 1220 511
3383 1225 1715
3384 1225 2433
3385 1228 417
3386 1231 578
3387 1232 872
3388 1233 1102
3389 1234 1144
3390 1235 32
3391 1235 292
3392 1241 1243
3393 1245 3273
3394 1246 1115
3395 1250 77
3396 1251 732
3397 1254 1163
3398 1262 2584
3399 1263 647
3400 1278 767
3401 1279 1071
3402 1280 733
3403 1284 293
3404 1289 2215
3405 1301 2429
3406 1308 276
3407 1309 291
3408 1313 105
3409 1316 274
3410 1317 278
3411 1319 2203
3412 1321 578
3413 1322 280
3414 1323 2786
3415 1324 34
3416 1326 2725
3417 1327 317
3418 1328 647
3419 1328 1355
3420 1329 416
3421 1335 1910
3422 1343 369
3423 1344 2701
3424 1347 1113
3425 1350 2663
3426 1351 309
3427 1352 1365
3428 1354 3078
3429 1360 2338
3430 1362 1180
3431 1368 349
3432 1371 264
3433 1375 380
3434 1385 278
3435 1399 610
3436 1413 286
3437 1424 2076
3438 1424 2586
3439 1429 107
3440 1429 1665
3441 1431 2626
3442 1432 269
3443 1433 1653
3444 1443 834
3445 1451 267
3446 1465 2656
3447 1478 2912
3448 1480 671
3449 1487 1880
3450 1489 788
3451 1493 118
3452 1494 2271
3453 1500 1921
3454 1501 377
3455 1507 258
3456 1507 274
3457 1509 2169
3458 1513 349
3459 1515 276
3460 1518 2142
3461 1523 307
3462 1530 1203
3463 1534 1460
3464 1537 3402
3465 1539 1172
3466 1540 293
3467 1542 349
3468 1543 1016
3469 1543 2129
3470 1548 276
3471 1550 1623
3472 1552 396
3473 1554 568
3474 1560 382
3475 1570 1526
3476 1575 120
3477 1576 45
3478 1579 2107
3479 1581 712
3480 1583 2499
3481 1585 298
3482 1585 322
3483 1588 45
3484 1590 275
3485 1598 283
3486 1601 3085
3487 1604 1383
3488 1614 2988
3489 1618 2094
3490 1619 2654
3491 1620 2421
3492 1623 3361
3493 1625 1713
3494 1626 1415
3495 1628 2952
3496 1630 1933
3497 1643 380
3498 1645 300
3499 1646 258
3500 1648 272
3501 1659 3493
3502 1663 2582
3503 1664 2028
3504 1670 2607
3505 1676 1928
3506 1677 566
3507 1677 1297
3508 1683 970
3509 1684 1709
3510 1689 2710
3511 1692 276
3512 1694 751
3513 1698 2827
3514 1699 745
3515 1700 2247
3516 1702 280
3517 1720 258
3518 1729 3245
3519 1735 716
3520 1737 553
3521 1738 1062
3522 1739 655
3523 1750 374
3524 1750 1921
3525 1752 400
3526 1753 414
3527 1759 687
3528 1762 275
3529 1763 630
3530 1764 280
3531 1771 806
3532 1790 256
3533 1793 265
3534 1799 2276
3535 1820 709
3536 1820 2724
3537 1823 1192
3538 1824 2855
3539 1826 345
3540 1831 1378
3541 1838 382
3542 1838 1191
3543 1842 2605
3544 1849 700
3545 1851 566
3546 1856 2742
3547 1856 3080
3548 1860 111
3549 1870 275
3550 1871 2067
3551 1875 1906
3552 1878 307
3553 1879 2381
3554 1879 2404
3555 1885 719
3556 1886 763
3557 1887 115
3558 1887 284
3559 1890 512
3560 1897 331
3561 1912 1316
3562 1913 110
3563 1915 32
3564 1916 1495
3565 1922 588
3566 1923 300
3567 1923 377
3568 1924 424
3569 1925 929
3570 1928 319
3571 1929 589
3572 1938 1964
3573 1949 2518
3574 1952 3379
3575 1956 2803
3576 1963 1957
3577 1978 1066
3578 1982 3018
3579 2000 509
3580 2009 3165
3581 2011 507
3582 2019 1973
3583 2024 1291
3584 2031 419
3585 2032 1571
3586 2041 313
3587 2046 108
3588 2053 2564
3589 2058 1462
3590 2060 711
3591 2061 1561
3592 2064 292
3593 2066 1315
3594 2074 568
3595 2075 2014
3596 2082 2494
3597 2083 3432
3598 2084 313
3599 2091 510
3600 2092 1377
3601 2106 1019
3602 2111 3318
3603 2122 3461
3604 2124 2731
3605 2128 2237
3606 2134 1449
3607 2141 313
3608 2151 1562
3609 2152 2659
3610 2158 1785
3611 2166 3423
3612 2173 1785
3613 2174 1862
3614 2175 499
3615 2179 567
3616 2181 509
3617 2186 747
3618 2187 1703
3619 2207 3509
3620 2226 1225
3621 2228 109
3622 2230 307
3623 2241 2130
3624 2244 322
3625 2245 360
3626 2248 377
3627 2253 306
3628 2257 293
3629 2259 280
3630 2263 707
3631 2267 3515
3632 2277 3244
3633 2278 939
3634 2287 2390
3635 2293 80
3636 2298 2037
3637 2300 2769
3638 2313 1752
3639 2317 751
3640 2320 478
3641 2328 1940
3642 2334 382
3643 2335 1119
3644 2342 682
3645 2346 1936
3646 2371 3374
3647 2374 258
3648 2379 2723
3649 2384 1985
3650 2398 797
3651 2400 280
3652 2403 360
3653 2406 69
3654 2407 275
3655 2410 1208
3656 2411 483
3657 2414 297
3658 2420 2665
3659 2434 292
3660 2440 3253
3661 2448 3471
3662 2452 266
3663 2454 2946
3664 2455 319
3665 2458 457
3666 2461 1374
3667 2463 292
3668 2465 380
3669 2466 662
3670 2470 507
3671 2472 10
3672 2478 2922
3673 2481 596
3674 2498 275
3675 2501 32
3676 2507 2963
3677 2524 3112
3678 2527 802
3679 2531 3156
3680 2532 440
3681 2535 3600
3682 2539 98
3683 2541 434
3684 2547 262
3685 2554 2639
3686 2555 2822
3687 2560 3660
3688 2563 2565
3689 2571 1448
3690 2573 3232
3691 2574 2686
3692 2579 3408
3693 2585 2255
3694 2588 3025
3695 2613 301
3696 2619 103
3697 2642 417
3698 2643 2985
3699 2646 528
3700 2652 1653
3701 2660 972
3702 2668 577
3703 2671 2490
3704 2680 3082
3705 2690 3694
3706 2709 123
3707 2715 3594
3708 2730 280
3709 2736 3255
3710 2738 270
3711 2741 779
3712 2753 3603
3713 2761 568
3714 2774 888
3715 2776 3700
3716 2787 121
3717 2795 276
3718 2806 647
3719 2816 1037
3720 2836 257
3721 2845 479
3722 2849 258
3723 2860 3183
3724 2865 643
3725 2866 293
3726 2867 1681
3727 2871 268
3728 2879 2882
3729 2881 102
3730 2889 435
3731 2895 294
3732 2901 2044
3733 2913 278
3734 2918 698
3735 2948 294
3736 2958 1305
3737 3005 1223
3738 3008 2600
3739 3009 3672
3740 3022 3034
3741 3023 976
3742 3033 1868
3743 3046 276
3744 3063 276
3745 3066 3631
3746 3070 275
3747 3072 3019
3748 3089 3304
3749 3099 2315
3750 3108 1064
3751 3121 374
3752 3147 257
3753 3149 1287
3754 3181 567
3755 3187 470
3756 3191 1629
3757 3199 2441
3758 3200 3547
3759 3205 1774
3760 3208 292
3761 3216 2456
3762 3262 862
3763 3263 1358
3764 3294 302
3765 3302 592
3766 3303 578
3767 3308 303
3768 3317 888
3769 3333 3447
3770 3352 3486
3771 3376 1372
3772 3383 635
3773 3398 331
3774 3405 2783
3775 3411 3704
3776 3425 308
3777 3480 3151
3778 3490 272
3779 3501 1464
3780 3503 258
3781 3505 469
3782 3513 3712
3783 3534 3648
3784 3538 271
3785 3551 302
3786 3596 1146
3787 3602 3782
3788 3634 3747
3789 3637 711
3790 3661 1639
3791 3687 1408
3792 3688 3706
3793 3691 258
3794 3745 435
3795 3769 3697
